0.757288888889
0.730244444444
0.751600000000
0.744288888889
0.742888888889
0.727755555556
0.735422222222
0.725977777778
0.751177777778
0.734688888889
0.729711111111
0.719866666667
0.749600000000
0.723644444444
0.750533333333
0.731933333333
0.744311111111
0.727577777778
0.748111111111
0.730422222222
0.752777777778
0.726066666667
0.925911111111
0.736800000000
0.725666666667
0.749311111111
0.740333333333
0.745666666667
0.759066666667
0.733333333333
0.750822222222
0.743333333333
0.748155555556
0.742177777778
0.737155555556
0.751311111111
0.728666666667
0.752244444444
0.712822222222
0.760600000000
0.719133333333
0.737444444444
0.739022222222
0.740133333333
0.753111111111
0.747044444444
0.733355555556
0.723200000000
0.759444444444
0.716044444444
0.753511111111
0.746888888889
0.725066666667
0.735622222222
0.759711111111
0.729511111111
0.723288888889
0.746533333333
0.727488888889
0.730111111111
0.754866666667
0.724311111111
0.726755555556
0.751888888889
0.726177777778
0.714400000000
0.754755555556
0.714577777778
0.732066666667
0.754733333333
0.738511111111
0.717577777778
0.760355555556
0.723066666667
0.732977777778
0.761955555556
0.728866666667
0.724577777778
0.754000000000
0.721333333333
0.740733333333
0.729333333333
0.744800000000
0.709400000000
0.747244444444
0.729888888889
0.731400000000
0.726844444444
0.721177777778
0.727622222222
0.737622222222
0.728533333333
0.732444444444
0.764066666667
0.728466666667
0.740377777778
0.716355555556
0.759866666667
0.708000000000
0.753311111111
0.737733333333
0.736466666667
0.738555555556
0.732533333333
0.700533333333
0.746822222222
0.721466666667
0.747600000000
0.737755555556
0.741155555556
0.752800000000
0.761311111111
0.724977777778
0.772533333333
0.731422222222
0.742266666667
0.729711111111
0.739555555556
0.738888888889
0.732155555556
0.740666666667
0.737266666667
0.730644444444
0.740133333333
0.719555555556
0.738355555556
0.731511111111
0.745533333333
0.737711111111
0.741444444444
0.735577777778
0.751688888889
0.710911111111
0.752444444444
0.731444444444
0.740933333333
0.737333333333
0.738822222222
0.724244444444
0.753333333333
0.738377777778
0.746822222222
0.748511111111
0.746355555556
0.729044444444
0.736111111111
0.733711111111
0.735244444444
0.733688888889
0.741288888889
0.731555555556
0.734355555556
0.721155555556
0.739577777778
0.727288888889
0.729577777778
0.716288888889
0.708511111111
0.749933333333
0.705355555556
0.740044444444
0.716488888889
0.734355555556
0.708155555556
0.715622222222
0.718933333333
0.742888888889
0.703133333333
0.757422222222
0.730822222222
0.728511111111
0.721133333333
0.717733333333
0.713266666667
0.736288888889
0.735066666667
0.730422222222
0.752422222222
0.718822222222
0.721022222222
0.736533333333
0.730733333333
0.734933333333
0.746711111111
0.734355555556
0.732977777778
0.731177777778
0.745355555556
0.733266666667
0.740044444444
0.714266666667
0.757111111111
0.731422222222
0.754844444444
0.734422222222
0.734800000000
0.746644444444
0.710244444444
0.765622222222
0.729133333333
0.718644444444
0.746044444444
0.715666666667
0.765111111111
0.729222222222
0.745066666667
0.732688888889
0.723466666667
0.712133333333
0.742555555556
0.736644444444
0.736777777778
0.754488888889
0.725488888889
0.749111111111
0.708333333333
0.755333333333
0.740933333333
0.740466666667
0.746822222222
0.730111111111
0.742933333333
0.735555555556
0.741000000000
0.746755555556
0.746733333333
0.730377777778
0.744155555556
0.739622222222
0.748844444444
0.738377777778
0.748955555556
0.735288888889
0.752755555556
0.747622222222
0.738555555556
0.739355555556
0.765066666667
0.745266666667
0.745666666667
0.756288888889
0.733355555556
0.747266666667
0.739022222222
0.748822222222
0.742600000000
0.753444444444
0.738711111111
0.743488888889
0.740266666667
0.742155555556
0.737888888889
0.747177777778
0.722200000000
0.751688888889
0.727222222222
0.731733333333
0.741688888889
0.734866666667
0.732844444444
0.728644444444
0.735244444444
0.722511111111
0.730466666667
0.738200000000
0.724844444444
0.726577777778
0.746133333333
0.705711111111
0.967688888889
0.715755555556
0.740488888889
0.709600000000
0.721711111111
0.722911111111
0.731733333333
0.721688888889
0.729755555556
0.723777777778
0.730777777778
0.712355555556
0.733222222222
0.714266666667
0.715800000000
0.730711111111
0.716000000000
0.716511111111
0.719422222222
0.725844444444
0.729533333333
0.721511111111
0.728511111111
0.744111111111
0.708622222222
0.760133333333
0.716333333333
0.752355555556
0.731466666667
0.735177777778
0.722777777778
0.746200000000
0.731977777778
0.751844444444
0.736200000000
0.726377777778
0.734333333333
0.749688888889
0.738844444444
0.748577777778
0.729333333333
0.749977777778
0.740933333333
0.740355555556
0.735022222222
0.732422222222
0.745533333333
0.743377777778
0.718088888889
0.756422222222
0.725600000000
0.754288888889
0.726911111111
0.722977777778
0.735177777778
0.738488888889
0.744466666667
0.733955555556
0.742911111111
0.728777777778
0.746444444444
0.739244444444
0.723222222222
0.728800000000
0.737222222222
0.723222222222
0.734177777778
0.732533333333
0.732155555556
0.739066666667
0.743088888889
0.722777777778
0.751400000000
0.720177777778
0.748133333333
0.742377777778
0.745511111111
0.713266666667
0.741888888889
0.734777777778
0.731288888889
0.741688888889
0.717844444444
0.738977777778
0.742955555556
0.733688888889
0.749488888889
0.743222222222
0.750222222222
0.736133333333
0.744066666667
0.750377777778
0.721622222222
0.770844444444
0.729377777778
0.752400000000
0.729088888889
0.742200000000
0.741311111111
0.729244444444
0.749733333333
0.721888888889
0.751800000000
0.736622222222
0.719222222222
0.747377777778
0.726066666667
0.742311111111
0.723622222222
0.730911111111
0.724777777778
0.725200000000
0.741844444444
0.713377777778
0.741888888889
0.719044444444
0.728711111111
0.738622222222
0.731800000000
0.734377777778
0.733844444444
0.731755555556
0.739488888889
0.733155555556
0.734800000000
0.740488888889
0.705844444444
0.727844444444
0.736466666667
0.713488888889
0.748422222222
0.728088888889
0.709733333333
0.718577777778
0.728000000000
0.718577777778
0.747755555556
0.719622222222
0.737155555556
0.728511111111
0.735044444444
0.709777777778
0.731711111111
0.736822222222
0.738622222222
0.733955555556
0.720977777778
0.725288888889
0.715933333333
0.746200000000
0.710377777778
0.735422222222
0.736088888889
0.711244444444
0.738200000000
0.721533333333
0.715955555556
0.735444444444
0.733733333333
0.736488888889
0.730266666667
0.744666666667
0.714488888889
0.747066666667
0.722044444444
0.712688888889
0.741288888889
0.726422222222
0.740733333333
0.735622222222
0.732777777778
0.732288888889
0.743911111111
0.731555555556
0.732466666667
0.716200000000
0.735444444444
0.715844444444
0.738600000000
0.722777777778
0.747022222222
0.728755555556
0.715066666667
0.725644444444
0.733355555556
0.716488888889
0.741288888889
0.737666666667
0.713377777778
0.743955555556
0.714822222222
0.726600000000
0.740377777778
0.722466666667
0.734911111111
0.713577777778
0.744000000000
0.716822222222
0.724822222222
0.725288888889
0.706622222222
0.728644444444
0.739444444444
0.720822222222
0.737800000000
0.716711111111
0.743844444444
0.724488888889
0.745422222222
0.733844444444
0.727200000000
0.756822222222
0.740222222222
0.736844444444
0.752488888889
0.742866666667
0.725511111111
0.744511111111
0.730711111111
0.729977777778
0.747333333333
0.695422222222
0.764977777778
0.735711111111
0.719466666667
0.719688888889
0.730888888889
0.719400000000
0.729111111111
0.747311111111
0.717288888889
0.747977777778
0.735111111111
0.738666666667
0.723844444444
0.737311111111
0.727644444444
0.746333333333
0.706600000000
0.751066666667
0.733111111111
0.726800000000
0.747444444444
0.736600000000
0.738000000000
0.740066666667
0.745311111111
0.712866666667
0.742133333333
0.742422222222
0.716244444444
0.721733333333
0.726577777778
0.741155555556
0.735444444444
0.739244444444
0.725666666667
0.739733333333
0.749844444444
0.733377777778
0.758066666667
0.739111111111
0.752333333333
0.753511111111
0.735488888889
0.729488888889
0.769711111111
0.725844444444
0.751155555556
0.725844444444
0.747044444444
0.736888888889
0.755022222222
0.738044444444
0.743422222222
0.766288888889
0.737200000000
0.739577777778
0.724666666667
0.758955555556
0.736666666667
0.761288888889
0.751644444444
0.742711111111
0.734800000000
0.747644444444
0.741444444444
0.754822222222
0.747222222222
0.751533333333
0.750177777778
0.755666666667
0.735222222222
0.729466666667
0.742444444444
0.727977777778
0.738377777778
0.737822222222
0.746533333333
0.734422222222
0.753444444444
0.727422222222
0.750955555556
0.730222222222
0.743733333333
0.732711111111
0.748955555556
0.735977777778
0.745711111111
0.742133333333
0.733933333333
0.748577777778
0.730200000000
0.755177777778
0.723200000000
0.737488888889
0.736111111111
0.746866666667
0.722200000000
0.749444444444
0.746377777778
0.746022222222
0.732400000000
0.750711111111
0.743933333333
0.742533333333
0.728977777778
0.749844444444
0.747333333333
0.758977777778
0.741111111111
0.754600000000
0.757688888889
0.732511111111
0.759911111111
0.733000000000
0.732422222222
0.767200000000
0.724466666667
0.751488888889
0.751911111111
0.731533333333
0.766333333333
0.742288888889
0.726377777778
0.747888888889
0.728488888889
0.707777777778
0.761466666667
0.705422222222
0.725733333333
0.729800000000
0.714733333333
0.736000000000
0.730533333333
0.741688888889
0.716288888889
0.755000000000
0.727044444444
0.729555555556
0.739577777778
0.724311111111
0.722911111111
0.748600000000
0.732377777778
0.726266666667
0.756444444444
0.707333333333
0.748844444444
0.735511111111
0.724311111111
0.716200000000
0.756622222222
0.706933333333
0.735644444444
0.723933333333
0.716666666667
0.724777777778
0.718600000000
0.730933333333
0.731577777778
0.736466666667
0.731266666667
0.736044444444
0.717800000000
0.746200000000
0.723888888889
0.742400000000
0.718866666667
0.740177777778
0.729244444444
0.731333333333
0.737377777778
0.732688888889
0.755600000000
0.731200000000
0.732422222222
0.743777777778
0.746355555556
0.718977777778
0.766488888889
0.720088888889
0.743355555556
0.740644444444
0.744311111111
0.721555555556
0.745355555556
0.729222222222
0.737155555556
0.742777777778
0.726666666667
0.719822222222
0.738444444444
0.716733333333
0.745155555556
0.722822222222
0.711488888889
0.739422222222
0.725733333333
0.735822222222
0.725355555556
0.734711111111
0.732177777778
0.718777777778
0.739044444444
0.719311111111
0.744088888889
0.720866666667
0.750488888889
0.720466666667
0.738577777778
0.737511111111
0.717533333333
0.738533333333
0.734266666667
0.727555555556
0.740422222222
0.730600000000
0.722022222222
0.734555555556
0.734866666667
0.716888888889
0.738888888889
0.729933333333
0.728466666667
0.729866666667
0.739644444444
0.734733333333
0.737955555556
0.723111111111
0.757111111111
0.722911111111
0.751333333333
0.720155555556
0.740488888889
0.726533333333
0.736133333333
0.721200000000
0.742911111111
0.714555555556
0.744622222222
0.723377777778
0.738533333333
0.739600000000
0.725377777778
0.739133333333
0.740511111111
0.748066666667
0.732444444444
0.746177777778
0.732666666667
0.747977777778
0.725177777778
0.761155555556
0.726244444444
0.741422222222
0.746000000000
0.707622222222
0.752822222222
0.727955555556
0.716644444444
0.732600000000
0.726400000000
0.733555555556
0.753466666667
0.722044444444
0.745177777778
0.742444444444
0.737288888889
0.721622222222
0.752333333333
0.712666666667
0.726044444444
0.727600000000
0.728488888889
0.727933333333
0.741266666667
0.724333333333
0.740955555556
0.747088888889
0.733333333333
0.723466666667
0.749666666667
0.728044444444
0.738244444444
0.741888888889
0.715444444444
0.740955555556
0.748511111111
0.735644444444
0.728933333333
0.744955555556
0.728533333333
0.749488888889
0.727577777778
0.737222222222
0.738200000000
0.745333333333
0.736111111111
0.721711111111
0.733933333333
0.732266666667
0.732622222222
0.733044444444
0.716311111111
0.735977777778
0.725155555556
0.721066666667
0.726155555556
0.738022222222
0.717888888889
0.730400000000
0.719022222222
0.723911111111
0.724311111111
0.731222222222
0.733755555556
0.716688888889
0.732311111111
0.725888888889
0.713666666667
0.738800000000
0.723888888889
0.735955555556
0.718755555556
0.746377777778
0.720555555556
0.736577777778
0.735777777778
0.714111111111
0.738577777778
0.728866666667
0.718822222222
0.746866666667
0.709288888889
0.749777777778
0.703466666667
0.742533333333
0.727222222222
0.728022222222
0.726111111111
0.730733333333
0.731644444444
0.720177777778
0.735533333333
0.738733333333
0.720177777778
0.734933333333
0.715511111111
0.735577777778
0.724711111111
0.717244444444
0.730066666667
0.716222222222
0.706288888889
0.734733333333
0.715733333333
0.717644444444
0.726200000000
0.719511111111
0.731400000000
0.718066666667
0.725866666667
0.739333333333
0.725555555556
0.728155555556
0.734933333333
0.723755555556
0.743955555556
0.720266666667
0.742200000000
0.735133333333
0.723111111111
0.735222222222
0.730733333333
0.720000000000
0.746888888889
0.739733333333
0.729133333333
0.736822222222
0.715822222222
0.738333333333
0.726622222222
0.734044444444
0.732800000000
0.720822222222
0.744955555556
0.714022222222
0.741466666667
0.739511111111
0.738555555556
0.729911111111
0.743222222222
0.726244444444
0.743333333333
0.734066666667
0.725600000000
0.715800000000
0.759400000000
0.703111111111
0.749444444444
0.736111111111
0.709377777778
0.724511111111
0.713422222222
0.733644444444
0.737355555556
0.742422222222
0.730577777778
0.753177777778
0.743066666667
0.732266666667
0.753466666667
0.724266666667
0.740444444444
0.752444444444
0.731755555556
0.745622222222
0.738488888889
0.742377777778
0.724822222222
0.750488888889
0.741066666667
0.733200000000
0.735466666667
0.713244444444
0.752822222222
0.724800000000
0.757822222222
0.719777777778
0.733533333333
0.717844444444
0.747288888889
0.732600000000
0.718377777778
0.753000000000
0.731244444444
0.727088888889
0.745355555556
0.728955555556
0.731066666667
0.741866666667
0.737333333333
0.719977777778
0.754644444444
0.722022222222
0.736955555556
0.738422222222
0.739422222222
0.722755555556
0.724088888889
0.725533333333
0.712600000000
0.737044444444
0.705511111111
0.728977777778
0.712444444444
0.739088888889
0.707177777778
0.724800000000
0.729844444444
0.711088888889
0.729511111111
0.738333333333
0.703044444444
0.715000000000
0.747577777778
0.704000000000
0.734422222222
0.743955555556
0.706955555556
0.729422222222
0.756666666667
0.696511111111
0.748244444444
0.727933333333
0.722333333333
0.750377777778
0.711422222222
0.766200000000
0.716511111111
0.738888888889
0.736200000000
0.731266666667
0.727044444444
0.760888888889
0.721711111111
0.746200000000
0.732600000000
0.715000000000
0.767511111111
0.726177777778
0.744133333333
0.736133333333
0.746733333333
0.737111111111
0.751266666667
0.743933333333
0.740111111111
0.759933333333
0.739022222222
0.734755555556
0.758155555556
0.746911111111
0.735422222222
0.751088888889
0.743533333333
0.745466666667
0.750200000000
0.738222222222
0.754400000000
0.722777777778
0.771488888889
0.722400000000
0.753866666667
0.722066666667
0.748044444444
0.734244444444
0.757577777778
0.738422222222
0.740911111111
0.738822222222
0.739933333333
0.730000000000
0.746177777778
0.738488888889
0.743666666667
0.730888888889
0.746711111111
0.723888888889
0.738333333333
0.740333333333
0.721177777778
0.737911111111
0.731044444444
0.720377777778
0.728155555556
0.725155555556
0.733377777778
0.727777777778
0.729488888889
0.723888888889
0.745111111111
0.736622222222
0.744600000000
0.716000000000
0.741266666667
0.754688888889
0.706755555556
0.757488888889
0.720355555556
0.730444444444
0.726600000000
0.747088888889
0.728666666667
0.729377777778
0.738333333333
0.726311111111
0.732000000000
0.732622222222
0.725800000000
0.734466666667
0.739488888889
0.748955555556
0.732755555556
0.736488888889
0.726288888889
0.751888888889
0.730711111111
0.760800000000
0.727866666667
0.764200000000
0.726622222222
0.748222222222
0.736177777778
0.753800000000
0.730355555556
0.749044444444
0.734200000000
0.747733333333
0.749688888889
0.721911111111
0.742911111111
0.723222222222
0.762844444444
0.723400000000
0.767066666667
0.731822222222
0.754777777778
0.735066666667
0.748955555556
0.749511111111
0.752800000000
0.743444444444
0.757555555556
0.729466666667
0.746488888889
0.762466666667
0.710888888889
0.766666666667
0.721044444444
0.747977777778
0.740888888889
0.734066666667
0.710466666667
0.736666666667
0.717577777778
0.741955555556
0.726600000000
0.739377777778
0.715844444444
0.734044444444
0.718911111111
0.705888888889
0.746488888889
0.730200000000
0.733977777778
0.737844444444
0.732822222222
0.723933333333
0.726644444444
0.751422222222
0.709066666667
0.732644444444
0.737688888889
0.719800000000
0.732155555556
0.731555555556
0.722066666667
0.731422222222
0.754622222222
0.715422222222
0.735755555556
0.746733333333
0.734955555556
0.756911111111
0.742022222222
0.734311111111
0.740333333333
0.746844444444
0.737488888889
0.737866666667
0.734266666667
0.740622222222
0.735755555556
0.754422222222
0.743222222222
0.744888888889
0.736933333333
0.739755555556
0.748600000000
0.739177777778
0.728800000000
0.732311111111
0.757844444444
0.719577777778
0.754711111111
0.735755555556
0.733844444444
0.731111111111
0.733888888889
0.747733333333
0.719088888889
0.760482758621
0.728965517241
0.729517241379
0.748000000000
0.734379310345
0.748034482759
0.738137931034
0.749724137931
0.737000000000
0.733000000000
0.731896551724
0.749448275862
0.739827586207
0.722827586207
0.722827586207
0.750827586207
0.688034482759
0.744034482759
0.744000000000
0.720827586207
0.716034482759
0.741586206897
0.702137931034
0.763172413793
0.723931034483
0.731931034483
0.744000000000
0.729344827586
0.725517241379
0.732793103448
0.752724137931
0.711758620690
0.756793103448
0.737068965517
0.730551724138
0.746448275862
0.746275862069
0.726068965517
0.749517241379
0.741965517241
0.717103448276
0.740551724138
0.705551724138
0.756275862069
0.702344827586
0.741137931034
0.721413793103
0.747862068966
0.735172413793
0.731931034483
0.733827586207
0.729034482759
0.724206896552
0.751620689655
0.719931034483
0.716620689655
0.717448275862
0.701517241379
0.731448275862
0.702000000000
0.719103448276
0.708620689655
0.684758620690
0.736241379310
0.701793103448
0.729241379310
0.709655172414
0.752517241379
0.719551724138
0.727655172414
0.726275862069
0.714724137931
0.740344827586
0.728103448276
0.719551724138
0.753241379310
0.712275862069
0.749275862069
0.695034482759
0.759931034483
0.721172413793
0.736586206897
0.726551724138
0.734586206897
0.723620689655
0.737172413793
0.696413793103
0.754862068966
0.717413793103
0.727689655172
0.732275862069
0.691310344828
0.750137931034
0.711000000000
0.729344827586
0.721448275862
0.733586206897
0.725172413793
0.758655172414
0.731724137931
0.775103448276
0.722482758621
0.763517241379
0.737448275862
0.716103448276
0.727172413793
0.737379310345
0.718551724138
0.750586206897
0.731482758621
0.695896551724
0.727931034483
0.727344827586
0.746827586207
0.740000000000
0.754068965517
0.729827586207
0.761344827586
0.748103448276
0.717689655172
0.756827586207
0.741965517241
0.748413793103
0.734172413793
0.751896551724
0.744344827586
0.739793103448
0.749965517241
0.722275862069
0.741689655172
0.726344827586
0.726068965517
0.748620689655
0.714655172414
0.717413793103
0.729793103448
0.724620689655
0.717758620690
0.758103448276
0.710206896552
0.719344827586
0.714241379310
0.711206896552
0.731137931034
0.734413793103
0.722551724138
0.723103448276
0.729310344828
0.722275862069
0.743034482759
0.725551724138
0.698862068966
0.731482758621
0.729344827586
0.726379310345
0.720896551724
0.733034482759
0.712965517241
0.748206896552
0.723689655172
0.706448275862
0.760517241379
0.692689655172
0.724517241379
0.716931034483
0.717448275862
0.719241379310
0.717172413793
0.712275862069
0.753344827586
0.692034482759
0.758103448276
0.721758620690
0.741931034483
0.745517241379
0.727931034483
0.736551724138
0.744862068966
0.751620689655
0.725758620690
0.745724137931
0.735965517241
0.741931034483
0.753724137931
0.732448275862
0.777551724138
0.728724137931
0.769689655172
0.737689655172
0.760793103448
0.750344827586
0.748137931034
0.737862068966
0.758034482759
0.713034482759
0.717137931034
0.748379310345
0.727310344828
0.779620689655
0.726931034483
0.759275862069
0.754379310345
0.733862068966
0.748793103448
0.745827586207
0.737068965517
0.745068965517
0.748724137931
0.732413793103
0.745137931034
0.747000000000
0.716344827586
0.768310344828
0.700724137931
0.770931034483
0.708758620690
0.751448275862
0.705034482759
0.770137931034
0.713275862069
0.740482758621
0.746517241379
0.717965517241
0.747379310345
0.725206896552
0.742551724138
0.718827586207
0.750206896552
0.728724137931
0.744000000000
0.734965517241
0.733241379310
0.757482758621
0.728034482759
0.727206896552
0.749655172414
0.715482758621
0.757034482759
0.721482758621
0.759103448276
0.726793103448
0.750068965517
0.712413793103
0.747103448276
0.703482758621
0.749241379310
0.711827586207
0.726655172414
0.720068965517
0.736344827586
0.734931034483
0.709275862069
0.742448275862
0.698517241379
0.743827586207
0.715103448276
0.712793103448
0.746206896552
0.710689655172
0.896586206897
0.745172413793
0.737655172414
0.722517241379
0.747586206897
0.721551724138
0.751310344828
0.739965517241
0.761034482759
0.726551724138
0.755379310345
0.760793103448
0.732448275862
0.748310344828
0.779689655172
0.733275862069
0.744896551724
0.748655172414
0.737310344828
0.733551724138
0.760551724138
0.719241379310
0.754413793103
0.746448275862
0.725034482759
0.744620689655
0.724689655172
0.743000000000
0.716344827586
0.740103448276
0.710689655172
0.718793103448
0.742137931034
0.714482758621
0.725724137931
0.746000000000
0.709310344828
0.727931034483
0.744000000000
0.717068965517
0.720310344828
0.742379310345
0.722551724138
0.723551724138
0.742000000000
0.714241379310
0.745172413793
0.726827586207
0.726068965517
0.740068965517
0.736551724138
0.719344827586
0.713310344828
0.734068965517
0.753344827586
0.704931034483
0.757551724138
0.729344827586
0.732068965517
0.738931034483
0.729793103448
0.736793103448
0.715551724138
0.750620689655
0.712758620690
0.755137931034
0.735448275862
0.733000000000
0.719620689655
0.721172413793
0.741655172414
0.730586206897
0.704793103448
0.759965517241
0.698310344828
0.775379310345
0.719241379310
0.728758620690
0.744068965517
0.730689655172
0.721551724138
0.723344827586
0.707137931034
0.729310344828
0.736068965517
0.732517241379
0.728137931034
0.745655172414
0.733379310345
0.752448275862
0.704103448276
0.779413793103
0.704655172414
0.741482758621
0.729068965517
0.717379310345
0.710068965517
0.733586206897
0.734620689655
0.730344827586
0.739310344828
0.726655172414
0.725793103448
0.760206896552
0.734655172414
0.703965517241
0.752206896552
0.710137931034
0.707379310345
0.774172413793
0.712655172414
0.743206896552
0.733896551724
0.725034482759
0.702827586207
0.730103448276
0.730103448276
0.717758620690
0.756551724138
0.726310344828
0.744586206897
0.726241379310
0.738103448276
0.715724137931
0.734137931034
0.732827586207
0.709793103448
0.754586206897
0.737896551724
0.755379310345
0.736206896552
0.738344827586
0.719517241379
0.764827586207
0.714413793103
0.756482758621
0.741103448276
0.750275862069
0.740241379310
0.742482758621
0.731931034483
0.738379310345
0.727379310345
0.760655172414
0.717413793103
0.758068965517
0.721310344828
0.756724137931
0.714275862069
0.742724137931
0.736034482759
0.744344827586
0.734034482759
0.748965517241
0.719379310345
0.747827586207
0.727620689655
0.750034482759
0.713103448276
0.767586206897
0.726586206897
0.766724137931
0.723103448276
0.740275862069
0.727344827586
0.733034482759
0.734586206897
0.727344827586
0.720137931034
0.744896551724
0.737931034483
0.732827586207
0.743103448276
0.740586206897
0.728931034483
0.754275862069
0.710137931034
0.748620689655
0.720413793103
0.723896551724
0.734344827586
0.730896551724
0.745000000000
0.731448275862
0.736000000000
0.735931034483
0.747793103448
0.736827586207
0.743586206897
0.758379310345
0.707551724138
0.764310344828
0.691517241379
0.710413793103
0.730413793103
0.724413793103
0.736034482759
0.724689655172
0.743310344828
0.740103448276
0.721793103448
0.731448275862
0.751724137931
0.716344827586
0.750862068966
0.726310344828
0.749448275862
0.744586206897
0.733551724138
0.741482758621
0.749724137931
0.720931034483
0.736275862069
0.691275862069
0.703137931034
0.716000000000
0.707931034483
0.772965517241
0.709931034483
0.751827586207
0.728241379310
0.737620689655
0.712000000000
0.735379310345
0.682689655172
0.775275862069
0.707965517241
0.748137931034
0.726068965517
0.747034482759
0.710172413793
0.757758620690
0.709896551724
0.756344827586
0.709586206897
0.729793103448
0.726896551724
0.741689655172
0.712275862069
0.747103448276
0.716344827586
0.723931034483
0.739758620690
0.723379310345
0.729310344828
0.738758620690
0.704517241379
0.730931034483
0.724724137931
0.737931034483
0.707896551724
0.763689655172
0.711931034483
0.760379310345
0.724965517241
0.743551724138
0.720379310345
0.757620689655
0.721724137931
0.743241379310
0.742758620690
0.738827586207
0.725000000000
0.715793103448
0.741172413793
0.724413793103
0.763206896552
0.709137931034
0.755413793103
0.736068965517
0.735965517241
0.705551724138
0.745965517241
0.735689655172
0.737862068966
0.749724137931
0.747793103448
0.737965517241
0.755655172414
0.758413793103
0.731379310345
0.747000000000
0.736793103448
0.755137931034
0.717206896552
0.754310344828
0.740896551724
0.755413793103
0.742034482759
0.748620689655
0.715793103448
0.782862068966
0.699137931034
0.781206896552
0.722206896552
0.746689655172
0.695655172414
0.744793103448
0.699448275862
0.769965517241
0.703413793103
0.770137931034
0.714379310345
0.743068965517
0.748103448276
0.712517241379
0.708482758621
0.747310344828
0.727758620690
0.729275862069
0.751413793103
0.717413793103
0.730137931034
0.738689655172
0.723862068966
0.733310344828
0.734000000000
0.717965517241
0.742310344828
0.725413793103
0.748689655172
0.725241379310
0.749758620690
0.705275862069
0.750724137931
0.729448275862
0.754620689655
0.730275862069
0.747620689655
0.750724137931
0.736000000000
0.762103448276
0.723551724138
0.737068965517
0.714724137931
0.721448275862
0.722482758621
0.723068965517
0.719793103448
0.732724137931
0.723586206897
0.757862068966
0.724896551724
0.749517241379
0.711172413793
0.759655172414
0.720379310345
0.762689655172
0.710655172414
0.766655172414
0.711862068966
0.756000000000
0.720862068966
0.718172413793
0.711793103448
0.739000000000
0.715034482759
0.738931034483
0.729793103448
0.700206896552
0.749275862069
0.686103448276
0.750310344828
0.711689655172
0.741620689655
0.720344827586
0.711758620690
0.717172413793
0.742241379310
0.716862068966
0.721413793103
0.718689655172
0.729000000000
0.730379310345
0.744862068966
0.715517241379
0.746206896552
0.735758620690
0.724448275862
0.728827586207
0.727310344828
0.715655172414
0.745724137931
0.712206896552
0.725448275862
0.742448275862
0.707620689655
0.768620689655
0.733000000000
0.734310344828
0.740034482759
0.709586206897
0.719517241379
0.736586206897
0.718965517241
0.758379310345
0.715137931034
0.720068965517
0.724413793103
0.720689655172
0.716655172414
0.752896551724
0.724931034483
0.695862068966
0.732689655172
0.694310344828
0.726034482759
0.734034482759
0.713413793103
0.720482758621
0.747034482759
0.709000000000
0.747896551724
0.716310344828
0.721965517241
0.727931034483
0.707482758621
0.735586206897
0.706655172414
0.750551724138
0.723689655172
0.754379310345
0.729551724138
0.710620689655
0.732551724138
0.738965517241
0.715034482759
0.736000000000
0.729241379310
0.719896551724
0.759896551724
0.727655172414
0.716310344828
0.741931034483
0.724655172414
0.719137931034
0.739275862069
0.711172413793
0.726862068966
0.701551724138
0.747172413793
0.734655172414
0.716896551724
0.769413793103
0.715310344828
0.710034482759
0.741896551724
0.693931034483
0.730620689655
0.720620689655
0.712896551724
0.737034482759
0.718965517241
0.740586206897
0.720034482759
0.716689655172
0.745965517241
0.713034482759
0.741172413793
0.740827586207
0.720379310345
0.752448275862
0.733793103448
0.726551724138
0.744068965517
0.736241379310
0.719482758621
0.757517241379
0.730103448276
0.716620689655
0.761379310345
0.723241379310
0.728793103448
0.747344827586
0.720413793103
0.733034482759
0.740241379310
0.727137931034
0.728517241379
0.757482758621
0.716137931034
0.729827586207
0.751931034483
0.723620689655
0.719896551724
0.734172413793
0.723896551724
0.719551724138
0.751344827586
0.718241379310
0.736793103448
0.750034482759
0.721448275862
0.750172413793
0.727000000000
0.744655172414
0.730862068966
0.744862068966
0.747827586207
0.735965517241
0.728758620690
0.725965517241
0.708793103448
0.790482758621
0.716862068966
0.743586206897
0.752931034483
0.743724137931
0.717724137931
0.751172413793
0.724448275862
0.709517241379
0.780482758621
0.709034482759
0.733068965517
0.757586206897
0.731068965517
0.711206896552
0.756551724138
0.718793103448
0.711137931034
0.740655172414
0.729758620690
0.737137931034
0.758793103448
0.708068965517
0.734379310345
0.714137931034
0.763931034483
0.704689655172
0.753827586207
0.704448275862
0.757448275862
0.742172413793
0.729379310345
0.745724137931
0.739827586207
0.705000000000
0.723931034483
0.720379310345
0.716862068966
0.758344827586
0.707344827586
0.727413793103
0.719827586207
0.745275862069
0.708172413793
0.744137931034
0.748620689655
0.728172413793
0.739206896552
0.727620689655
0.723896551724
0.743551724138
0.722793103448
0.706620689655
0.734413793103
0.738379310345
0.721724137931
0.730103448276
0.730068965517
0.726241379310
0.728448275862
0.720068965517
0.737068965517
0.739689655172
0.691862068966
0.714068965517
0.727758620690
0.717137931034
0.714172413793
0.741137931034
0.706103448276
0.759241379310
0.708310344828
0.746448275862
0.729000000000
0.732551724138
0.739793103448
0.716620689655
0.745724137931
0.718965517241
0.752068965517
0.724965517241
0.731724137931
0.744241379310
0.744344827586
0.722551724138
0.727344827586
0.736034482759
0.711931034483
0.727413793103
0.752241379310
0.738965517241
0.733586206897
0.758379310345
0.749758620690
0.726827586207
0.755931034483
0.725724137931
0.747310344828
0.729758620690
0.733655172414
0.719620689655
0.744068965517
0.709103448276
0.742172413793
0.725034482759
0.715000000000
0.731413793103
0.701827586207
0.737689655172
0.711724137931
0.734655172414
0.716413793103
0.723034482759
0.695103448276
0.740862068966
0.699896551724
0.756206896552
0.676482758621
0.754517241379
0.741689655172
0.722517241379
0.755172413793
0.718000000000
0.748896551724
0.735758620690
0.729862068966
0.731137931034
0.745103448276
0.725482758621
0.746793103448
0.731379310345
0.742448275862
0.716655172414
0.748620689655
0.727482758621
0.729551724138
0.735482758621
0.725275862069
0.711241379310
0.746551724138
0.722482758621
0.679413793103
0.747241379310
0.724068965517
0.720034482759
0.751965517241
0.719241379310
0.682758620690
0.732241379310
0.723068965517
0.729241379310
0.727448275862
0.724241379310
0.713000000000
0.757517241379
0.706172413793
0.738896551724
0.730068965517
0.712241379310
0.714448275862
0.722758620690
0.697793103448
0.739931034483
0.705586206897
0.735724137931
0.727379310345
0.706896551724
0.745758620690
0.705517241379
0.696068965517
0.731413793103
0.717965517241
0.746310344828
0.721965517241
0.740310344828
0.744965517241
0.714137931034
0.731413793103
0.721206896552
0.738931034483
0.741931034483
0.708310344828
0.749517241379
0.726275862069
0.741896551724
0.738137931034
0.769172413793
0.710931034483
0.753517241379
0.730689655172
0.705620689655
0.748137931034
0.711689655172
0.720517241379
0.712275862069
0.727137931034
0.709379310345
0.724413793103
0.723344827586
0.710379310345
0.741758620690
0.713413793103
0.736172413793
0.711758620690
0.729034482759
0.721172413793
0.723103448276
0.699931034483
0.736034482759
0.703655172414
0.720620689655
0.736586206897
0.712586206897
0.726586206897
0.731965517241
0.722172413793
0.720586206897
0.693172413793
0.756517241379
0.738137931034
0.716344827586
0.751379310345
0.737103448276
0.750482758621
0.709103448276
0.730137931034
0.748862068966
0.738724137931
0.737068965517
0.741965517241
0.737586206897
0.726000000000
0.736275862069
0.732758620690
0.752379310345
0.728689655172
0.747000000000
0.723310344828
0.747758620690
0.743448275862
0.736275862069
0.725275862069
0.761379310345
0.698103448276
0.734448275862
0.708482758621
0.741758620690
0.723689655172
0.725448275862
0.724241379310
0.719655172414
0.700172413793
0.751103448276
0.695241379310
0.724965517241
0.731793103448
0.708517241379
0.718275862069
0.726896551724
0.722724137931
0.725413793103
0.722275862069
0.740827586207
0.712517241379
0.741379310345
0.730241379310
0.732413793103
0.732448275862
0.726000000000
0.709620689655
0.739172413793
0.697000000000
0.733793103448
0.692275862069
0.744689655172
0.709827586207
0.704965517241
0.723000000000
0.707448275862
0.737241379310
0.707931034483
0.707655172414
0.737896551724
0.693758620690
0.723103448276
0.719551724138
0.717758620690
0.705793103448
0.711965517241
0.713103448276
0.728413793103
0.727689655172
0.718758620690
0.729275862069
0.732448275862
0.733620689655
0.705275862069
0.703344827586
0.725482758621
0.721724137931
0.719206896552
0.730310344828
0.703965517241
0.744931034483
0.710206896552
0.731655172414
0.742517241379
0.702620689655
0.753517241379
0.726310344828
0.712862068966
0.725206896552
0.732793103448
0.720275862069
0.717689655172
0.735862068966
0.712275862069
0.717103448276
0.754275862069
0.727931034483
0.740275862069
0.745689655172
0.713344827586
0.728413793103
0.725517241379
0.759965517241
0.702517241379
0.780172413793
0.713068965517
0.713896551724
0.737379310345
0.738172413793
0.721482758621
0.745689655172
0.728206896552
0.736758620690
0.732551724138
0.720275862069
0.740310344828
0.732793103448
0.733586206897
0.701517241379
0.759827586207
0.724275862069
0.727172413793
0.752482758621
0.720931034483
0.716793103448
0.732827586207
0.735862068966
0.702620689655
0.762689655172
0.725448275862
0.717482758621
0.760000000000
0.726034482759
0.733931034483
0.748965517241
0.732172413793
0.735137931034
0.702586206897
0.711689655172
0.744310344828
0.722000000000
0.743793103448
0.731931034483
0.726310344828
0.745448275862
0.716931034483
0.720413793103
0.735241379310
0.709827586207
0.705000000000
0.715896551724
0.726620689655
0.701517241379
0.730758620690
0.716931034483
0.708517241379
0.727689655172
0.723655172414
0.715275862069
0.742206896552
0.715827586207
0.743000000000
0.718551724138
0.736827586207
0.714827586207
0.734724137931
0.702344827586
0.714000000000
0.716600000000
0.709933333333
0.711533333333
0.721400000000
0.702000000000
0.690600000000
0.703800000000
0.728600000000
0.699000000000
0.738600000000
0.676066666667
0.720933333333
0.725466666667
0.694266666667
0.726666666667
0.717200000000
0.689600000000
0.675400000000
0.777533333333
0.662666666667
0.776666666667
0.711466666667
0.750533333333
0.684466666667
0.755666666667
0.697466666667
0.743200000000
0.688466666667
0.763066666667
0.709866666667
0.714200000000
0.731866666667
0.720333333333
0.733800000000
0.717733333333
0.730200000000
0.730733333333
0.685933333333
0.730733333333
0.730266666667
0.708466666667
0.704266666667
0.739133333333
0.682800000000
0.744333333333
0.688600000000
0.740133333333
0.702133333333
0.709933333333
0.729133333333
0.688133333333
0.738000000000
0.712400000000
0.706800000000
0.752000000000
0.676733333333
0.746400000000
0.697000000000
0.729266666667
0.706800000000
0.713600000000
0.728266666667
0.693266666667
0.705133333333
0.714600000000
0.714200000000
0.708333333333
0.719666666667
0.717266666667
0.745866666667
0.709933333333
0.738533333333
0.720800000000
0.703800000000
0.733400000000
0.734533333333
0.718266666667
0.741066666667
0.753133333333
0.704733333333
0.772466666667
0.725600000000
0.718666666667
0.726600000000
0.729666666667
0.725133333333
0.741666666667
0.689000000000
0.743800000000
0.690066666667
0.706666666667
0.755800000000
0.695800000000
0.739133333333
0.702666666667
0.757266666667
0.706133333333
0.760333333333
0.732800000000
0.729133333333
0.699466666667
0.739133333333
0.708266666667
0.756266666667
0.700666666667
0.782933333333
0.727200000000
0.733333333333
0.767666666667
0.714666666667
0.765733333333
0.735400000000
0.728733333333
0.749066666667
0.734400000000
0.754666666667
0.721800000000
0.720266666667
0.749066666667
0.718266666667
0.774533333333
0.711000000000
0.777600000000
0.727666666667
0.699466666667
0.724400000000
0.726066666667
0.730866666667
0.743800000000
0.709800000000
0.756200000000
0.719866666667
0.734800000000
0.727733333333
0.740933333333
0.730200000000
0.752533333333
0.737000000000
0.728600000000
0.749333333333
0.751266666667
0.732733333333
0.753600000000
0.749533333333
0.719333333333
0.753600000000
0.732866666667
0.736533333333
0.773400000000
0.727133333333
0.729666666667
0.745400000000
0.732266666667
0.740133333333
0.744733333333
0.764533333333
0.736933333333
0.736000000000
0.748466666667
0.754733333333
0.743266666667
0.746400000000
0.753066666667
0.759800000000
0.746333333333
0.748400000000
0.747866666667
0.731800000000
0.749466666667
0.741066666667
0.724466666667
0.743733333333
0.722266666667
0.755200000000
0.732800000000
0.740800000000
0.732400000000
0.772466666667
0.682800000000
0.775533333333
0.735466666667
0.730800000000
0.779133333333
0.740666666667
0.725000000000
0.763066666667
0.749400000000
0.740600000000
0.748466666667
0.743800000000
0.721933333333
0.765466666667
0.735866666667
0.746266666667
0.716666666667
0.785400000000
0.733466666667
0.737000000000
0.739666666667
0.737933333333
0.777533333333
0.742733333333
0.776466666667
0.749000000000
0.772000000000
0.736466666667
0.756733333333
0.757733333333
0.747933333333
0.746866666667
0.757866666667
0.720333333333
0.751000000000
0.740066666667
0.736400000000
0.748466666667
0.731666666667
0.756866666667
0.737000000000
0.741733333333
0.728600000000
0.745866666667
0.747866666667
0.752066666667
0.733800000000
0.747933333333
0.736333333333
0.756266666667
0.741133333333
0.751400000000
0.737133333333
0.738133333333
0.746466666667
0.718866666667
0.709466666667
0.761466666667
0.727466666667
0.734333333333
0.754733333333
0.725000000000
0.732800000000
0.762000000000
0.719333333333
0.743866666667
0.728533333333
0.717733333333
0.753666666667
0.739666666667
0.739800000000
0.734800000000
0.715600000000
0.732400000000
0.719266666667
0.757200000000
0.734000000000
0.724533333333
0.747933333333
0.713600000000
0.758933333333
0.735933333333
0.717333333333
0.728666666667
0.715133333333
0.726533333333
0.747466666667
0.761000000000
0.704733333333
0.739066666667
0.735333333333
0.731866666667
0.734933333333
0.730666666667
0.743800000000
0.722333333333
0.735866666667
0.734533333333
0.742133333333
0.768266666667
0.727800000000
0.693666666667
0.759933333333
0.713533333333
0.739466666667
0.727066666667
0.739666666667
0.742200000000
0.749000000000
0.740533333333
0.740133333333
0.754733333333
0.744800000000
0.712600000000
0.793200000000
0.718866666667
0.790200000000
0.735400000000
0.763866666667
0.745333333333
0.726000000000
0.717266666667
0.753533333333
0.751066666667
0.748333333333
0.752000000000
0.744333333333
0.717866666667
0.762600000000
0.674066666667
0.836933333333
0.685933333333
0.802666666667
0.743333333333
0.735800000000
0.744866666667
0.744866666667
0.732733333333
0.759933333333
0.731400000000
0.767266666667
0.744733333333
0.749133333333
0.735000000000
0.757266666667
0.750533333333
0.726000000000
0.758266666667
0.740066666667
0.734866666667
0.750000000000
0.746333333333
0.733400000000
0.753666666667
0.736466666667
0.732400000000
0.765600000000
0.709866666667
0.770000000000
0.726066666667
0.756800000000
0.748533333333
0.735466666667
0.731733333333
0.759000000000
0.737000000000
0.746800000000
0.711466666667
0.720400000000
0.753066666667
0.728600000000
0.735400000000
0.756266666667
0.723466666667
0.758933333333
0.746800000000
0.736600000000
0.727066666667
0.734400000000
0.702066666667
0.746466666667
0.719400000000
0.740000000000
0.755266666667
0.720466666667
0.752666666667
0.739600000000
0.736000000000
0.748533333333
0.726733333333
0.763000000000
0.741066666667
0.737466666667
0.743733333333
0.721400000000
0.750466666667
0.754733333333
0.733866666667
0.740933333333
0.768733333333
0.721333333333
0.778200000000
0.735266666667
0.765066666667
0.736400000000
0.751600000000
0.731200000000
0.753266666667
0.742666666667
0.740533333333
0.713000000000
0.728733333333
0.735533333333
0.706266666667
0.718266666667
0.764266666667
0.715133333333
0.762466666667
0.730666666667
0.733400000000
0.693266666667
0.730133333333
0.691600000000
0.741666666667
0.692733333333
0.705266666667
0.735000000000
0.696933333333
0.747800000000
0.719333333333
0.725666666667
0.727600000000
0.689000000000
0.747333333333
0.698333333333
0.766200000000
0.694800000000
0.760333333333
0.709933333333
0.730733333333
0.749933333333
0.725466666667
0.746400000000
0.718800000000
0.757466666667
0.725133333333
0.718800000000
0.726466666667
0.732333333333
0.729666666667
0.744200000000
0.714133333333
0.748466666667
0.714000000000
0.760400000000
0.700666666667
0.750600000000
0.714666666667
0.729666666667
0.743866666667
0.713133333333
0.708933333333
0.736000000000
0.715133333333
0.720800000000
0.714533333333
0.744333333333
0.710933333333
0.762600000000
0.716133333333
0.741266666667
0.725533333333
0.715066666667
0.750000000000
0.730666666667
0.731866666667
0.748933333333
0.756266666667
0.734200000000
0.732866666667
0.733866666667
0.750533333333
0.713933333333
0.779133333333
0.723400000000
0.742200000000
0.768800000000
0.738466666667
0.752733333333
0.741600000000
0.746333333333
0.713000000000
0.738000000000
0.710333333333
0.741666666667
0.707200000000
0.736533333333
0.753066666667
0.728733333333
0.754666666667
0.702733333333
0.745333333333
0.748000000000
0.750466666667
0.721800000000
0.767266666667
0.719733333333
0.742000000000
0.724466666667
0.735333333333
0.759866666667
0.747933333333
0.722866666667
0.772933333333
0.709866666667
0.762000000000
0.757866666667
0.737000000000
0.729666666667
0.743733333333
0.727000000000
0.744333333333
0.719133333333
0.708200000000
0.729666666667
0.727666666667
0.759533333333
0.721266666667
0.750066666667
0.720400000000
0.753133333333
0.720866666667
0.739800000000
0.703600000000
0.743200000000
0.742000000000
0.707933333333
0.755266666667
0.705733333333
0.754200000000
0.718800000000
0.742200000000
0.703200000000
0.763533333333
0.723800000000
0.731733333333
0.747400000000
0.722933333333
0.744266666667
0.741666666667
0.727600000000
0.725533333333
0.729733333333
0.737533333333
0.714600000000
0.723400000000
0.754733333333
0.712466666667
0.760333333333
0.728000000000
0.710866666667
0.742800000000
0.709800000000
0.733266666667
0.719266666667
0.758800000000
0.692666666667
0.753066666667
0.723400000000
0.714133333333
0.736066666667
0.717600000000
0.748000000000
0.741266666667
0.716200000000
0.751466666667
0.731866666667
0.748400000000
0.736466666667
0.739466666667
0.761533333333
0.748333333333
0.726933333333
0.749600000000
0.714466666667
0.741266666667
0.722000000000
0.752066666667
0.712000000000
0.747866666667
0.727066666667
0.728066666667
0.756800000000
0.716600000000
0.729133333333
0.740733333333
0.741266666667
0.690000000000
0.762533333333
0.700466666667
0.753266666667
0.671933333333
0.739600000000
0.701533333333
0.711466666667
0.749533333333
0.717733333333
0.716133333333
0.754733333333
0.694333333333
0.709800000000
0.727600000000
0.709533333333
0.756800000000
0.709000000000
0.775066666667
0.712466666667
0.760400000000
0.761000000000
0.729200000000
0.762933333333
0.733800000000
0.730600000000
0.747933333333
0.736933333333
0.755733333333
0.734400000000
0.732800000000
0.731733333333
0.735000000000
0.729666666667
0.720333333333
0.752066666667
0.700533333333
0.763000000000
0.726466666667
0.748400000000
0.738600000000
0.741733333333
0.741666666667
0.749066666667
0.728200000000
0.754266666667
0.762600000000
0.737066666667
0.752066666667
0.741266666667
0.757800000000
0.711400000000
0.776933333333
0.725533333333
0.761933333333
0.741200000000
0.739600000000
0.751533333333
0.708266666667
0.755266666667
0.755733333333
0.745933333333
0.773933333333
0.743266666667
0.771800000000
0.785400000000
0.756266666667
0.776666666667
0.760466666667
0.756600000000
0.741066666667
0.755200000000
0.696733333333
0.782866666667
0.734266666667
0.748866666667
0.761933333333
0.715666666667
0.779133333333
0.747866666667
0.727000000000
0.749000000000
0.744266666667
0.720333333333
0.741600000000
0.728200000000
0.726666666667
0.756133333333
0.728066666667
0.748466666667
0.694333333333
0.719200000000
0.680600000000
0.760400000000
0.727600000000
0.735266666667
0.744733333333
0.752800000000
0.725000000000
0.757666666667
0.724066666667
0.738133333333
0.750133333333
0.768333333333
0.718200000000
0.801600000000
0.726000000000
0.745466666667
0.732866666667
0.741133333333
0.739133333333
0.775600000000
0.708266666667
0.763466666667
0.716733333333
0.732933333333
0.716666666667
0.718733333333
0.733533333333
0.748466666667
0.738533333333
0.725533333333
0.763533333333
0.725466666667
0.748933333333
0.751066666667
0.725000000000
0.733333333333
0.706200000000
0.799933333333
0.678466666667
0.786866666667
0.716133333333
0.694800000000
0.795400000000
0.693800000000
0.723000000000
0.720800000000
0.706133333333
0.714466666667
0.753133333333
0.674000000000
0.731733333333
0.720800000000
0.699533333333
0.756333333333
0.710400000000
0.753133333333
0.714200000000
0.740200000000
0.731066666667
0.696466666667
0.726133333333
0.689266666667
0.700533333333
0.722400000000
0.737533333333
0.708266666667
0.767733333333
0.670800000000
0.747800000000
0.683400000000
0.711000000000
0.719800000000
0.688066666667
0.721333333333
0.724533333333
0.703600000000
0.700466666667
0.716600000000
0.718800000000
0.744333333333
0.744800000000
0.722333333333
0.769200000000
0.735866666667
0.771200000000
0.718400000000
0.733400000000
0.739533333333
0.737000000000
0.774933333333
0.704066666667
0.766133333333
0.751066666667
0.722400000000
0.736933333333
0.738666666667
0.720333333333
0.757933333333
0.719266666667
0.718133333333
0.764066666667
0.706200000000
0.749533333333
0.714666666667
0.739466666667
0.734400000000
0.713466666667
0.750066666667
0.703666666667
0.707333333333
0.728200000000
0.734866666667
0.749600000000
0.719200000000
0.750000000000
0.717200000000
0.764133333333
0.727600000000
0.754200000000
0.729600000000
0.739000000000
0.750066666667
0.703466666667
0.732200000000
0.745266666667
0.725133333333
0.754066666667
0.722333333333
0.767666666667
0.743800000000
0.724466666667
0.745733333333
0.724133333333
0.753666666667
0.722466666667
0.744266666667
0.732200000000
0.743733333333
0.753133333333
0.735000000000
0.747933333333
0.742800000000
0.736066666667
0.741666666667
0.749466666667
0.719333333333
0.772933333333
0.721933333333
0.750600000000
0.742733333333
0.736466666667
0.751933333333
0.738666666667
0.740533333333
0.732800000000
0.757800000000
0.728533333333
0.736400000000
0.697400000000
0.695200000000
0.746200000000
0.707866666667
0.750533333333
0.731800000000
0.724066666667
0.723066666667
0.756200000000
0.715200000000
0.730800000000
0.738066666667
0.731200000000
0.730266666667
0.734400000000
0.717200000000
0.769266666667
0.740200000000
0.743800000000
0.706800000000
0.761933333333
0.714533333333
0.763066666667
0.723466666667
0.744266666667
0.736933333333
0.717800000000
0.736933333333
0.729733333333
0.728200000000
0.752000000000
0.743200000000
0.741133333333
0.763133333333
0.746933333333
0.757866666667
0.745866666667
0.747533333333
0.759800000000
0.733800000000
0.745266666667
0.759400000000
0.708200000000
0.768733333333
0.712400000000
0.740600000000
0.741200000000
0.735533333333
0.710866666667
0.709933333333
0.695800000000
0.770266666667
0.720800000000
0.738466666667
0.743333333333
0.709466666667
0.713066666667
0.735533333333
0.701533333333
0.754733333333
0.722400000000
0.674333333333
0.724533333333
0.721400000000
0.655666666667
0.763666666667
0.684800000000
0.745333333333
0.716733333333
0.719800000000
0.743866666667
0.681666666667
0.747333333333
0.712533333333
0.762000000000
0.724000000000
0.757400000000
0.740133333333
0.737466666667
0.762466666667
0.724466666667
0.774000000000
0.722933333333
0.734866666667
0.733933333333
0.751533333333
0.715600000000
0.748933333333
0.724600000000
0.732333333333
0.713000000000
0.763066666667
0.702600000000
0.750533333333
0.726533333333
0.714066666667
0.761066666667
0.714600000000
0.743600000000
0.715533333333
0.735400000000
0.738133333333
0.737400000000
0.731266666667
0.758333333333
0.721333333333
0.749400000000
0.738000000000
0.732733333333
0.739200000000
0.717266666667
0.750533333333
0.722266666667
0.750466666667
0.735866666667
0.742733333333
0.738066666667
0.740600000000
0.735000000000
0.741533333333
0.740133333333
0.743133333333
0.740133333333
0.738933333333
0.728133333333
0.771333333333
0.708933333333
0.733533333333
0.740133333333
0.748533333333
0.727533333333
0.734266666667
0.737533333333
0.725600000000
0.767333333333
0.727066666667
0.746200000000
0.720933333333
0.742200000000
0.735333333333
0.724466666667
0.746933333333
0.717666666667
0.747466666667
0.737533333333
0.732866666667
0.703733333333
0.733933333333
0.721866666667
0.763533333333
0.743333333333
0.743666666667
0.712000000000
0.763533333333
0.718800000000
0.766133333333
0.710333333333
0.758800000000
0.734933333333
0.727533333333
0.743800000000
0.726466666667
0.733866666667
0.752066666667
0.749000000000
0.743866666667
0.721400000000
0.762600000000
0.719333333333
0.737000000000
0.741133333333
0.744733333333
0.743200000000
0.738533333333
0.709866666667
0.748933333333
0.742200000000
0.752133333333
0.707733333333
0.774933333333
0.729200000000
0.717200000000
0.754133333333
0.732800000000
0.741133333333
0.728066666667
0.733333333333
0.724600000000
0.741066666667
0.750600000000
0.722466666667
0.754200000000
0.689533333333
0.777066666667
0.736466666667
0.760400000000
0.758400000000
0.732800000000
0.735400000000
0.771400000000
0.713466666667
0.740666666667
0.762866666667
0.718266666667
0.728133333333
0.779666666667
0.672400000000
0.804733333333
0.717400000000
0.742200000000
0.751533333333
0.747400000000
0.733266666667
0.769133333333
0.748466666667
0.745266666667
0.766000000000
0.759400000000
0.748933333333
0.759866666667
0.744800000000
0.740600000000
0.725533333333
0.733333333333
0.741200000000
0.713600000000
0.733933333333
0.727133333333
0.747933333333
0.733866666667
0.755733333333
0.730200000000
0.735933333333
0.712600000000
0.752066666667
0.724533333333
0.750066666667
0.731933333333
0.734933333333
0.741666666667
0.740733333333
0.738066666667
0.750066666667
0.707866666667
0.744800000000
0.728133333333
0.728466666667
0.730733333333
0.736000000000
0.728666666667
0.722866666667
0.713333333333
0.738066666667
0.723933333333
0.715533333333
0.749933333333
0.709266666667
0.728600000000
0.720333333333
0.742800000000
0.715600000000
0.732866666667
0.726066666667
0.704200000000
0.751600000000
0.686000000000
0.748866666667
0.706266666667
0.742133333333
0.698466666667
0.753600000000
0.716600000000
0.716733333333
0.740666666667
0.705800000000
0.736466666667
0.704133333333
0.770266666667
0.693333333333
0.758333333333
0.736933333333
0.731266666667
0.741600000000
0.747466666667
0.736533333333
0.759266666667
0.726066666667
0.756266666667
0.740200000000
0.742333333333
0.734333333333
0.722800000000
0.756333333333
0.747266666667
0.723000000000
0.756866666667
0.720800000000
0.778066666667
0.728066666667
0.748533333333
0.721333333333
0.760400000000
0.716133333333
0.729666666667
0.723400000000
0.728333333333
0.752600000000
0.719800000000
0.716200000000
0.733400000000
0.697400000000
0.769333333333
0.728733333333
0.723466666667
0.742266666667
0.730200000000
0.724466666667
0.744933333333
0.740533333333
0.713600000000
0.776533333333
0.712533333333
0.789066666667
0.720333333333
0.756333333333
0.732333333333
0.727571428571
0.713142857143
0.744571428571
0.731000000000
0.725428571429
0.757714285714
0.713142857143
0.756714285714
0.715571428571
0.756714285714
0.658428571429
0.792428571429
0.666428571429
0.798000000000
0.698571428571
0.771428571429
0.723142857143
0.731000000000
0.745571428571
0.746714285714
0.734428571429
0.745714285714
0.757857142857
0.710714285714
0.781000000000
0.717714285714
0.774571428571
0.731142857143
0.733285714286
0.733428571429
0.731000000000
0.733285714286
0.741000000000
0.731000000000
0.729142857143
0.735571428571
0.754571428571
0.742285714286
0.750142857143
0.748857142857
0.742285714286
0.737571428571
0.749000000000
0.733285714286
0.740000000000
0.713142857143
0.762142857143
0.661857142857
0.720857142857
0.679714285714
0.756571428571
0.728571428571
0.768000000000
0.729857142857
0.747714285714
0.742285714286
0.767857142857
0.724142857143
0.759857142857
0.753142857143
0.684142857143
0.712142857143
0.734428571429
0.681857142857
0.793571428571
0.707428571429
0.759000000000
0.751285714286
0.741000000000
0.752000000000
0.746714285714
0.744428571429
0.756714285714
0.758857142857
0.744428571429
0.755285714286
0.726428571429
0.786857142857
0.744142857143
0.720857142857
0.793571428571
0.751000000000
0.744285714286
0.745571428571
0.753428571429
0.724142857143
0.789000000000
0.728571428571
0.745285714286
0.724428571429
0.775714285714
0.792428571429
0.748714285714
0.644142857143
0.751142857143
0.667428571429
0.754571428571
0.743285714286
0.704285714286
0.781285714286
0.722285714286
0.678571428571
0.777857142857
0.720000000000
0.713285714286
0.742142857143
0.737571428571
0.721142857143
0.757857142857
0.685285714286
0.688571428571
0.736714285714
0.741142857143
0.663142857143
0.736428571429
0.703142857143
0.712142857143
0.735428571429
0.702000000000
0.686571428571
0.750000000000
0.697571428571
0.693142857143
0.619571428571
0.791285714286
0.666571428571
0.786857142857
0.715571428571
0.669714285714
0.774428571429
0.688571428571
0.680857142857
0.750000000000
0.683000000000
0.790285714286
0.694285714286
0.737857142857
0.714285714286
0.717571428571
0.724428571429
0.748714285714
0.723285714286
0.733285714286
0.745714285714
0.753285714286
0.744428571429
0.762428571429
0.760142857143
0.739857142857
0.740000000000
0.742142857143
0.735571428571
0.732285714286
0.736571428571
0.727857142857
0.736571428571
0.730000000000
0.750000000000
0.735428571429
0.735571428571
0.737571428571
0.741000000000
0.733285714286
0.742142857143
0.741000000000
0.695285714286
0.771142857143
0.695285714286
0.761142857143
0.739857142857
0.724428571429
0.742142857143
0.752285714286
0.741000000000
0.747571428571
0.754428571429
0.756571428571
0.751285714286
0.760000000000
0.748857142857
0.720000000000
0.773285714286
0.679857142857
0.804857142857
0.673000000000
0.802571428571
0.693142857143
0.772428571429
0.700714285714
0.722000000000
0.763285714286
0.718714285714
0.744428571429
0.686428571429
0.763428571429
0.702142857143
0.689857142857
0.678428571429
0.718571428571
0.740000000000
0.706428571429
0.719857142857
0.770285714286
0.695428571429
0.764571428571
0.733428571429
0.748857142857
0.734285714286
0.761142857143
0.752285714286
0.749857142857
0.736714285714
0.795714285714
0.727714285714
0.788857142857
0.731000000000
0.676285714286
0.808000000000
0.660714285714
0.772285714286
0.696428571429
0.759000000000
0.674285714286
0.799285714286
0.625142857143
0.804857142857
0.731000000000
0.716571428571
0.777857142857
0.677285714286
0.771142857143
0.721000000000
0.722285714286
0.740000000000
0.690857142857
0.782285714286
0.708714285714
0.704285714286
0.750142857143
0.685285714286
0.694285714286
0.677571428571
0.721857142857
0.625000000000
0.726714285714
0.691857142857
0.758000000000
0.678428571429
0.661857142857
0.684142857143
0.695285714286
0.751000000000
0.770142857143
0.722142857143
0.698857142857
0.775571428571
0.673000000000
0.704285714286
0.735571428571
0.686571428571
0.756714285714
0.760285714286
0.677571428571
0.798000000000
0.713000000000
0.734571428571
0.685142857143
0.717428571429
0.728857142857
0.723142857143
0.700857142857
0.737571428571
0.697571428571
0.749857142857
0.707714285714
0.715571428571
0.728000000000
0.696428571429
0.751000000000
0.721000000000
0.733285714286
0.735428571429
0.729857142857
0.727571428571
0.743285714286
0.727714285714
0.719857142857
0.733285714286
0.728857142857
0.723285714286
0.726714285714
0.729857142857
0.722142857143
0.689857142857
0.766714285714
0.674142857143
0.749000000000
0.734428571429
0.719857142857
0.709857142857
0.676428571429
0.658428571429
0.701000000000
0.705285714286
0.667428571429
0.743285714286
0.667285714286
0.745714285714
0.734285714286
0.715428571429
0.713142857143
0.712142857143
0.733285714286
0.723285714286
0.720000000000
0.748857142857
0.727714285714
0.699714285714
0.775714285714
0.709714285714
0.742285714286
0.773428571429
0.668285714286
0.792142857143
0.724142857143
0.728857142857
0.763428571429
0.683000000000
0.772428571429
0.666285714286
0.790142857143
0.724285714286
0.725285714286
0.726571428571
0.719857142857
0.731000000000
0.694142857143
0.762285714286
0.720000000000
0.767857142857
0.716571428571
0.748857142857
0.736571428571
0.686428571429
0.790142857143
0.709857142857
0.749000000000
0.715285714286
0.696571428571
0.736714285714
0.708571428571
0.779000000000
0.686142857143
0.799285714286
0.696285714286
0.761000000000
0.735285714286
0.713000000000
0.751000000000
0.714428571429
0.732000000000
0.780142857143
0.705285714286
0.757857142857
0.739857142857
0.735428571429
0.750000000000
0.700000000000
0.730000000000
0.672000000000
0.678571428571
0.724285714286
0.686428571429
0.693142857143
0.671857142857
0.705285714286
0.763571428571
0.658428571429
0.779000000000
0.711000000000
0.701142857143
0.795000000000
0.681857142857
0.723285714286
0.711142857143
0.730000000000
0.650857142857
0.724428571429
0.688571428571
0.705571428571
0.723142857143
0.714285714286
0.761142857143
0.656000000000
0.752285714286
0.705285714286
0.687571428571
0.744571428571
0.735428571429
0.644000000000
0.793428571429
0.686428571429
0.656142857143
0.742142857143
0.640571428571
0.782285714286
0.665142857143
0.773285714286
0.697571428571
0.737857142857
0.770000000000
0.728714285714
0.735428571429
0.742142857143
0.737857142857
0.744428571429
0.734285714286
0.745571428571
0.743428571429
0.704142857143
0.709714285714
0.656285714286
0.688714285714
0.750142857143
0.716428571429
0.724428571429
0.756714285714
0.726714285714
0.734428571429
0.739000000000
0.743285714286
0.724285714286
0.782428571429
0.722142857143
0.791428571429
0.741000000000
0.763285714286
0.751000000000
0.759857142857
0.744428571429
0.746571428571
0.758857142857
0.764571428571
0.762142857143
0.759000000000
0.749857142857
0.726571428571
0.790142857143
0.710857142857
0.771285714286
0.701000000000
0.774428571429
0.727571428571
0.732142857143
0.736714285714
0.728714285714
0.729857142857
0.735428571429
0.739857142857
0.735285714286
0.733285714286
0.740000000000
0.708857142857
0.769857142857
0.703000000000
0.765714285714
0.729857142857
0.741142857143
0.728714285714
0.728857142857
0.737714285714
0.736714285714
0.743285714286
0.731142857143
0.731000000000
0.696571428571
0.750000000000
0.721000000000
0.722285714286
0.758857142857
0.722142857143
0.717571428571
0.714285714286
0.696285714286
0.753428571429
0.704285714286
0.731000000000
0.779142857143
0.702142857143
0.784714285714
0.745428571429
0.729857142857
0.732285714286
0.741142857143
0.717571428571
0.740857142857
0.729857142857
0.696428571429
0.764571428571
0.698714285714
0.763428571429
0.686571428571
0.761428571429
0.693142857143
0.744285714286
0.681857142857
0.754428571429
0.689714285714
0.742285714286
0.674285714286
0.746714285714
0.697714285714
0.725428571429
0.678714285714
0.745428571429
0.678857142857
0.755428571429
0.698571428571
0.733285714286
0.698714285714
0.752285714286
0.728714285714
0.687285714286
0.752285714286
0.692857142857
0.773428571429
0.722142857143
0.715285714286
0.730000000000
0.764428571429
0.697571428571
0.717714285714
0.766714285714
0.723285714286
0.715285714286
0.693285714286
0.733285714286
0.732285714286
0.731000000000
0.735428571429
0.703285714286
0.748857142857
0.717714285714
0.709714285714
0.751000000000
0.743000000000
0.680571428571
0.784714285714
0.695285714286
0.746714285714
0.746714285714
0.716571428571
0.724428571429
0.722142857143
0.733285714286
0.738857142857
0.734428571429
0.740000000000
0.755571428571
0.752000000000
0.750000000000
0.744428571429
0.770142857143
0.730000000000
0.765714285714
0.743285714286
0.731142857143
0.741142857143
0.726571428571
0.757714285714
0.704142857143
0.768857142857
0.744428571429
0.717428571429
0.767857142857
0.707428571429
0.786714285714
0.745428571429
0.713285714286
0.775714285714
0.708714285714
0.728857142857
0.792571428571
0.687428571429
0.771142857143
0.736428571429
0.717571428571
0.692857142857
0.781285714286
0.693142857143
0.752142857143
0.769000000000
0.706428571429
0.756571428571
0.756714285714
0.725428571429
0.731142857143
0.746571428571
0.738857142857
0.680714285714
0.811428571429
0.680714285714
0.803571428571
0.747857142857
0.729857142857
0.737857142857
0.745285714286
0.739857142857
0.674285714286
0.805714285714
0.676285714286
0.783571428571
0.744285714286
0.710857142857
0.733428571429
0.725428571429
0.698714285714
0.750000000000
0.716571428571
0.736571428571
0.764428571429
0.739000000000
0.733285714286
0.732142857143
0.738857142857
0.723285714286
0.766714285714
0.704142857143
0.770142857143
0.714285714286
0.761142857143
0.700714285714
0.751142857143
0.757857142857
0.734571428571
0.745714285714
0.746714285714
0.734428571429
0.747857142857
0.752142857143
0.715285714286
0.757857142857
0.698714285714
0.762142857143
0.730000000000
0.710857142857
0.776857142857
0.666142857143
0.771142857143
0.772428571429
0.740142857143
0.686428571429
0.764571428571
0.750142857143
0.738857142857
0.688571428571
0.775714285714
0.717714285714
0.700857142857
0.746571428571
0.754285714286
0.752285714286
0.752142857143
0.710857142857
0.795714285714
0.712142857143
0.736714285714
0.790000000000
0.727714285714
0.740000000000
0.710857142857
0.781285714286
0.706571428571
0.772142857143
0.732285714286
0.736571428571
0.731142857143
0.733285714286
0.742285714286
0.733142857143
0.731142857143
0.695285714286
0.778000000000
0.732142857143
0.724428571429
0.728857142857
0.712000000000
0.763428571429
0.711000000000
0.755714285714
0.740000000000
0.732142857143
0.709714285714
0.741142857143
0.766857142857
0.650714285714
0.712142857143
0.721142857143
0.686285714286
0.760142857143
0.692000000000
0.785714285714
0.732000000000
0.731000000000
0.704285714286
0.775714285714
0.713142857143
0.767857142857
0.737857142857
0.736571428571
0.750142857143
0.744285714286
0.715285714286
0.776714285714
0.742142857143
0.741142857143
0.745714285714
0.734285714286
0.738857142857
0.739000000000
0.702142857143
0.774714285714
0.697571428571
0.761142857143
0.717714285714
0.724285714286
0.723285714286
0.724285714286
0.708714285714
0.686428571429
0.757857142857
0.695428571429
0.742285714286
0.709857142857
0.700857142857
0.734285714286
0.702142857143
0.686428571429
0.731285714286
0.708714285714
0.700857142857
0.730000000000
0.711000000000
0.709857142857
0.750000000000
0.723428571429
0.723428571429
0.725285714286
0.733142857143
0.733285714286
0.734428571429
0.739000000000
0.749000000000
0.746714285714
0.745714285714
0.748000000000
0.758857142857
0.740000000000
0.731142857143
0.738714285714
0.742285714286
0.735428571429
0.727571428571
0.736714285714
0.737714285714
0.743285714286
0.739000000000
0.725428571429
0.732142857143
0.739000000000
0.738714285714
0.727714285714
0.733285714286
0.746285714286
0.744571428571
0.729857142857
0.741142857143
0.741000000000
0.747714285714
0.732285714286
0.694285714286
0.690714285714
0.710857142857
0.711857142857
0.724285714286
0.735428571429
0.729857142857
0.731142857143
0.726571428571
0.738857142857
0.734285714286
0.733285714286
0.738857142857
0.699571428571
0.762285714286
0.695285714286
0.749857142857
0.686428571429
0.726571428571
0.721142857143
0.669714285714
0.811571428571
0.678571428571
0.723142857143
0.732142857143
0.684285714286
0.706571428571
0.782285714286
0.696285714286
0.731000000000
0.770142857143
0.725428571429
0.737857142857
0.670857142857
0.703142857143
0.733285714286
0.727714285714
0.706571428571
0.765571428571
0.721000000000
0.725571428571
0.763285714286
0.729000000000
0.691000000000
0.767857142857
0.682142857143
0.755714285714
0.757714285714
0.669571428571
0.800000000000
0.699714285714
0.742285714286
0.768000000000
0.722142857143
0.693142857143
0.781285714286
0.686571428571
0.762142857143
0.746571428571
0.710714285714
0.777857142857
0.682142857143
0.754571428571
0.687285714286
0.708571428571
0.765571428571
0.717571428571
0.743428571429
0.764571428571
0.698714285714
0.792285714286
0.741142857143
0.718857142857
0.765714285714
0.674000000000
0.762285714286
0.666428571429
0.743285714286
0.742142857143
0.714142857143
0.780142857143
0.724142857143
0.742285714286
0.739857142857
0.721000000000
0.678714285714
0.799142857143
0.705428571429
0.751285714286
0.776714285714
0.678428571429
0.755428571429
0.674142857143
0.754428571429
0.737571428571
0.694285714286
0.796714285714
0.703142857143
0.772285714286
0.747714285714
0.775714285714
0.773571428571
0.753571428571
0.760000000000
0.755714285714
0.752285714286
0.748857142857
0.744571428571
0.745571428571
0.752285714286
0.745571428571
0.745571428571
0.712285714286
0.767714285714
0.749857142857
0.755714285714
0.767714285714
0.753428571429
0.698714285714
0.705285714286
0.730857142857
0.740000000000
0.677428571429
0.676428571429
0.721142857143
0.690000000000
0.775714285714
0.692142857143
0.729000000000
0.762285714286
0.684285714286
0.775714285714
0.647285714286
0.791428571429
0.695285714286
0.751142857143
0.723142857143
0.723285714286
0.730142857143
0.733285714286
0.730000000000
0.741142857143
0.741000000000
0.741000000000
0.742142857143
0.692000000000
0.767714285714
0.690857142857
0.763571428571
0.730000000000
0.735571428571
0.717714285714
0.733142857143
0.743428571429
0.732142857143
0.730000000000
0.736714285714
0.746714285714
0.736714285714
0.705428571429
0.785714285714
0.705571428571
0.768857142857
0.737714285714
0.704285714286
0.766714285714
0.701714285714
0.778000000000
0.732285714286
0.718857142857
0.754428571429
0.734428571429
0.737714285714
0.740000000000
0.743285714286
0.694142857143
0.796857142857
0.761142857143
0.724571428571
0.769857142857
0.715285714286
0.762285714286
0.741000000000
0.736714285714
0.764285714286
0.743285714286
0.735428571429
0.777857142857
0.713142857143
0.773285714286
0.752142857143
0.750000000000
0.751000000000
0.744428571429
0.685142857143
0.834714285714
0.684000000000
0.810285714286
0.732000000000
0.710857142857
0.746714285714
0.706428571429
0.733285714286
0.723285714286
0.755714285714
0.699857142857
0.721000000000
0.742285714286
0.730857142857
0.724428571429
0.760000000000
0.689714285714
0.774571428571
0.643857142857
0.805714285714
0.655000000000
0.808000000000
0.702000000000
0.759857142857
0.698571428571
0.784571428571
0.719714285714
0.765571428571
0.677571428571
0.813714285714
0.744571428571
0.743285714286
0.744428571429
0.778000000000
0.778857142857
0.723142857143
0.791285714286
0.708857142857
0.706571428571
0.754428571429
0.747857142857
0.712000000000
0.789000000000
0.706428571429
0.762142857143
0.775571428571
0.713285714286
0.772285714286
0.754285714286
0.707714285714
0.797857142857
0.725428571429
0.755571428571
0.764714285714
0.749857142857
0.728714285714
0.698714285714
0.723142857143
0.732000000000
0.721285714286
0.711857142857
0.752285714286
0.728857142857
0.791142857143
0.717714285714
0.780142857143
0.749857142857
0.754571428571
0.750000000000
0.733428571429
0.761142857143
0.766714285714
0.758000000000
0.723142857143
0.791285714286
0.730857142857
0.787000000000
0.742285714286
0.760142857143
0.766857142857
0.757857142857
0.750000000000
0.760000000000
0.757857142857
0.741000000000
0.738857142857
0.741285714286
0.704142857143
0.773428571429
0.690000000000
0.770142857143
0.667285714286
0.807000000000
0.658571428571
0.793571428571
0.709857142857
0.737857142857
0.698714285714
0.729000000000
0.748857142857
0.724428571429
0.775857142857
0.729000000000
0.738857142857
0.722142857143
0.735571428571
0.704428571429
0.717571428571
0.782428571429
0.696571428571
0.807000000000
0.730000000000
0.728857142857
0.728857142857
0.744428571429
0.713285714286
0.774571428571
0.716428571429
0.754428571429
0.765857142857
0.722142857143
0.761285714286
0.703285714286
0.761428571429
0.744571428571
0.761142857143
0.726714285714
0.751285714286
0.746714285714
0.752142857143
0.693000000000
0.795714285714
0.700714285714
0.800428571429
0.719714285714
0.751428571429
0.740142857143
0.782285714286
0.697714285714
0.708714285714
0.733142857143
0.761000000000
0.768000000000
0.770142857143
0.754428571429
0.776857142857
0.774571428571
0.765714285714
0.754571428571
0.772428571429
0.732142857143
0.814857142857
0.715571428571
0.786857142857
0.752428571429
0.750000000000
0.750000000000
0.743428571429
0.734285714286
0.734428571429
0.743285714286
0.734285714286
0.730000000000
0.705428571429
0.775714285714
0.658428571429
0.800142857143
0.674000000000
0.781285714286
0.682000000000
0.755571428571
0.715285714286
0.725428571429
0.717714285714
0.727571428571
0.733285714286
0.739857142857
0.695500000000
0.683500000000
0.707000000000
0.707000000000
0.703500000000
0.703000000000
0.715000000000
0.714500000000
0.715000000000
0.711000000000
0.707000000000
0.715000000000
0.730500000000
0.711000000000
0.734500000000
0.734500000000
0.726500000000
0.734500000000
0.754000000000
0.730500000000
0.730500000000
0.738500000000
0.734500000000
0.582500000000
0.879000000000
0.723000000000
0.730500000000
0.715000000000
0.723000000000
0.730500000000
0.754000000000
0.723000000000
0.746500000000
0.738500000000
0.758000000000
0.711000000000
0.742500000000
0.723000000000
0.726500000000
0.719000000000
0.727000000000
0.727000000000
0.703500000000
0.715000000000
0.730500000000
0.715000000000
0.707000000000
0.715000000000
0.719000000000
0.719000000000
0.715000000000
0.719000000000
0.718500000000
0.609500000000
0.832000000000
0.629000000000
0.816500000000
0.699500000000
0.683500000000
0.703000000000
0.707000000000
0.695000000000
0.695000000000
0.719000000000
0.715000000000
0.715000000000
0.726500000000
0.742000000000
0.738000000000
0.742000000000
0.683500000000
0.797000000000
0.719000000000
0.730500000000
0.734500000000
0.722500000000
0.726500000000
0.718500000000
0.718500000000
0.727000000000
0.722500000000
0.715000000000
0.730500000000
0.730500000000
0.719000000000
0.730500000000
0.734000000000
0.734500000000
0.719000000000
0.734500000000
0.734500000000
0.727000000000
0.711000000000
0.715000000000
0.715000000000
0.707000000000
0.711000000000
0.711000000000
0.722500000000
0.703000000000
0.715000000000
0.730500000000
0.715000000000
0.715000000000
0.715000000000
0.722500000000
0.707000000000
0.711000000000
0.707000000000
0.695500000000
0.691500000000
0.707000000000
0.718500000000
0.683500000000
0.711000000000
0.703000000000
0.703000000000
0.691500000000
0.711000000000
0.715000000000
0.703000000000
0.703000000000
0.718500000000
0.734500000000
0.707000000000
0.699000000000
0.719000000000
0.722500000000
0.711000000000
0.726500000000
0.722500000000
0.730500000000
0.699000000000
0.718500000000
0.738500000000
0.730500000000
0.711000000000
0.718500000000
0.730500000000
0.629000000000
0.805000000000
0.613500000000
0.808500000000
0.703000000000
0.691500000000
0.699500000000
0.691500000000
0.703500000000
0.687500000000
0.715000000000
0.707000000000
0.703000000000
0.703000000000
0.715000000000
0.711000000000
0.699000000000
0.703000000000
0.703000000000
0.719000000000
0.707500000000
0.715000000000
0.722500000000
0.711000000000
0.718500000000
0.726500000000
0.734500000000
0.722500000000
0.711000000000
0.726500000000
0.722500000000
0.714500000000
0.726500000000
0.746000000000
0.714500000000
0.718500000000
0.722500000000
0.726500000000
0.727000000000
0.703500000000
0.707500000000
0.723000000000
0.726500000000
0.719000000000
0.722500000000
0.730500000000
0.738500000000
0.640500000000
0.843500000000
0.656500000000
0.812500000000
0.711000000000
0.718500000000
0.715000000000
0.695500000000
0.715000000000
0.726500000000
0.718500000000
0.719000000000
0.714500000000
0.711000000000
0.710500000000
0.695000000000
0.734500000000
0.574000000000
0.582000000000
0.621000000000
0.695500000000
0.691500000000
0.641000000000
0.742500000000
0.621000000000
0.785000000000
0.586000000000
0.797000000000
0.691500000000
0.687500000000
0.699000000000
0.680000000000
0.699000000000
0.714500000000
0.699000000000
0.711000000000
0.730500000000
0.738000000000
0.718500000000
0.734500000000
0.742500000000
0.742000000000
0.726500000000
0.726500000000
0.750000000000
0.722500000000
0.722500000000
0.738500000000
0.590000000000
0.851500000000
0.578000000000
0.804500000000
0.683500000000
0.691500000000
0.683500000000
0.683500000000
0.699500000000
0.699000000000
0.691500000000
0.699500000000
0.703000000000
0.711000000000
0.703000000000
0.699500000000
0.711000000000
0.691500000000
0.703000000000
0.695500000000
0.703000000000
0.707000000000
0.699500000000
0.699000000000
0.711000000000
0.711000000000
0.711000000000
0.719000000000
0.722500000000
0.723000000000
0.707500000000
0.711000000000
0.726500000000
0.722500000000
0.707000000000
0.726500000000
0.738000000000
0.715000000000
0.730500000000
0.761500000000
0.773500000000
0.738000000000
0.777500000000
0.801000000000
0.766000000000
0.761500000000
0.601500000000
0.570000000000
0.726500000000
0.629000000000
0.871000000000
0.597500000000
0.832000000000
0.703000000000
0.703000000000
0.699500000000
0.699500000000
0.707000000000
0.711000000000
0.707000000000
0.730500000000
0.762000000000
0.758000000000
0.730500000000
0.765500000000
0.746000000000
0.543000000000
0.516000000000
0.703000000000
0.742500000000
0.730500000000
0.730000000000
0.742000000000
0.722500000000
0.605500000000
0.847500000000
0.734000000000
0.710500000000
0.734500000000
0.723000000000
0.707000000000
0.707000000000
0.726500000000
0.711000000000
0.730500000000
0.734500000000
0.762000000000
0.734500000000
0.718500000000
0.730500000000
0.738500000000
0.722500000000
0.730500000000
0.730500000000
0.746000000000
0.723000000000
0.754000000000
0.726500000000
0.738000000000
0.734000000000
0.757500000000
0.746000000000
0.746000000000
0.730500000000
0.738000000000
0.734000000000
0.750000000000
0.734000000000
0.726500000000
0.726500000000
0.742500000000
0.722500000000
0.711000000000
0.718500000000
0.738000000000
0.718500000000
0.699500000000
0.734500000000
0.730500000000
0.719000000000
0.726500000000
0.742000000000
0.742000000000
0.730500000000
0.762000000000
0.742500000000
0.730500000000
0.742000000000
0.730500000000
0.730500000000
0.718500000000
0.718500000000
0.730500000000
0.714500000000
0.703500000000
0.730500000000
0.609500000000
0.816500000000
0.695500000000
0.714500000000
0.703000000000
0.707000000000
0.703000000000
0.711000000000
0.601500000000
0.836000000000
0.586000000000
0.824000000000
0.683500000000
0.679500000000
0.687500000000
0.699500000000
0.691500000000
0.703000000000
0.699000000000
0.711000000000
0.711000000000
0.718500000000
0.723000000000
0.703000000000
0.730500000000
0.722500000000
0.711000000000
0.707000000000
0.726500000000
0.719000000000
0.699500000000
0.703500000000
0.687500000000
0.707000000000
0.722500000000
0.715000000000
0.742000000000
0.746000000000
0.734000000000
0.730500000000
0.726500000000
0.750000000000
0.726500000000
0.711000000000
0.734500000000
0.719000000000
0.718500000000
0.711000000000
0.719000000000
0.703000000000
0.703000000000
0.726500000000
0.714500000000
0.671500000000
0.707000000000
0.691000000000
0.703000000000
0.695500000000
0.687500000000
0.710500000000
0.718500000000
0.691500000000
0.711000000000
0.718500000000
0.726500000000
0.710500000000
0.738500000000
0.754000000000
0.730500000000
0.722500000000
0.738000000000
0.750000000000
0.730500000000
0.714500000000
0.750000000000
0.738000000000
0.718500000000
0.711000000000
0.726500000000
0.734500000000
0.715000000000
0.730500000000
0.738500000000
0.746000000000
0.734500000000
0.742500000000
0.750000000000
0.750000000000
0.746000000000
0.762000000000
0.765500000000
0.746000000000
0.734500000000
0.738000000000
0.738000000000
0.730500000000
0.718500000000
0.734500000000
0.742000000000
0.734500000000
0.718500000000
0.726500000000
0.734500000000
0.621000000000
0.843500000000
0.597500000000
0.844000000000
0.707000000000
0.715000000000
0.691500000000
0.719000000000
0.722500000000
0.722500000000
0.711000000000
0.730500000000
0.738500000000
0.722500000000
0.734500000000
0.738000000000
0.734000000000
0.734500000000
0.750000000000
0.730500000000
0.730500000000
0.730500000000
0.730500000000
0.723000000000
0.727000000000
0.707500000000
0.723000000000
0.738000000000
0.726500000000
0.703000000000
0.738500000000
0.738000000000
0.727000000000
0.722500000000
0.723000000000
0.727000000000
0.719000000000
0.715000000000
0.711000000000
0.715000000000
0.707000000000
0.687500000000
0.703000000000
0.711000000000
0.723000000000
0.691500000000
0.727000000000
0.714500000000
0.750000000000
0.738500000000
0.750000000000
0.750000000000
0.758000000000
0.734500000000
0.738500000000
0.750000000000
0.742500000000
0.715000000000
0.714500000000
0.738500000000
0.722500000000
0.730500000000
0.734500000000
0.742000000000
0.738500000000
0.726500000000
0.730500000000
0.750000000000
0.734000000000
0.715000000000
0.738500000000
0.753500000000
0.730500000000
0.727000000000
0.726500000000
0.746500000000
0.734500000000
0.723000000000
0.750000000000
0.734000000000
0.722500000000
0.722500000000
0.734000000000
0.711000000000
0.715000000000
0.730500000000
0.734500000000
0.707000000000
0.707000000000
0.734500000000
0.711000000000
0.707000000000
0.723000000000
0.718500000000
0.711000000000
0.707000000000
0.703000000000
0.707000000000
0.703000000000
0.711000000000
0.695500000000
0.699000000000
0.715000000000
0.699500000000
0.699000000000
0.711000000000
0.714500000000
0.695000000000
0.695000000000
0.707000000000
0.695500000000
0.691500000000
0.699500000000
0.687500000000
0.707000000000
0.691500000000
0.691500000000
0.718500000000
0.699000000000
0.695000000000
0.715000000000
0.578000000000
0.832000000000
0.578000000000
0.796500000000
0.676000000000
0.668000000000
0.683500000000
0.683500000000
0.707000000000
0.703000000000
0.707000000000
0.722500000000
0.734500000000
0.730500000000
0.762000000000
0.742000000000
0.714500000000
0.718500000000
0.707000000000
0.742000000000
0.465000000000
0.949500000000
0.559000000000
0.824500000000
0.613500000000
0.738500000000
0.609000000000
0.707000000000
0.676000000000
0.601500000000
0.757500000000
0.723000000000
0.637000000000
0.742000000000
0.648500000000
0.754000000000
0.637000000000
0.777500000000
0.637000000000
0.770000000000
0.640500000000
0.758000000000
0.668000000000
0.722500000000
0.684000000000
0.722500000000
0.660000000000
0.758000000000
0.691500000000
0.738500000000
0.668000000000
0.761500000000
0.695000000000
0.750000000000
0.695500000000
0.750000000000
0.691000000000
0.722500000000
0.703000000000
0.726500000000
0.734500000000
0.703000000000
0.715000000000
0.730500000000
0.718500000000
0.707000000000
0.726500000000
0.726500000000
0.703000000000
0.723000000000
0.711000000000
0.726500000000
0.715000000000
0.719000000000
0.718500000000
0.715000000000
0.703000000000
0.703000000000
0.714500000000
0.707000000000
0.703000000000
0.707000000000
0.714500000000
0.699500000000
0.695500000000
0.711000000000
0.726500000000
0.719000000000
0.699000000000
0.707000000000
0.726500000000
0.715000000000
0.695000000000
0.711000000000
0.730500000000
0.738000000000
0.711000000000
0.734500000000
0.734000000000
0.738500000000
0.723000000000
0.738000000000
0.750000000000
0.726500000000
0.734500000000
0.738500000000
0.734500000000
0.719000000000
0.730500000000
0.734500000000
0.722500000000
0.727000000000
0.723000000000
0.722500000000
0.730500000000
0.715000000000
0.742500000000
0.734500000000
0.742000000000
0.734500000000
0.723000000000
0.722500000000
0.699500000000
0.715000000000
0.723000000000
0.715000000000
0.711000000000
0.715000000000
0.723000000000
0.722500000000
0.726500000000
0.730500000000
0.734500000000
0.719000000000
0.722500000000
0.738500000000
0.726500000000
0.711000000000
0.723000000000
0.730500000000
0.738500000000
0.734500000000
0.707000000000
0.730500000000
0.746000000000
0.730500000000
0.742500000000
0.750000000000
0.766000000000
0.750000000000
0.757500000000
0.773500000000
0.769500000000
0.746000000000
0.750000000000
0.754000000000
0.746000000000
0.742000000000
0.742000000000
0.765500000000
0.586000000000
0.527000000000
0.711000000000
0.722500000000
0.738000000000
0.738000000000
0.726500000000
0.726500000000
0.726500000000
0.738000000000
0.722500000000
0.730500000000
0.727000000000
0.726500000000
0.726500000000
0.726500000000
0.742000000000
0.726500000000
0.722500000000
0.734500000000
0.738000000000
0.730500000000
0.730500000000
0.738500000000
0.598000000000
0.867500000000
0.586000000000
0.836000000000
0.707500000000
0.695500000000
0.703000000000
0.711000000000
0.715000000000
0.703500000000
0.726500000000
0.730500000000
0.723000000000
0.718500000000
0.730500000000
0.734500000000
0.734500000000
0.726500000000
0.719000000000
0.734500000000
0.719000000000
0.617500000000
0.871000000000
0.629000000000
0.820500000000
0.703000000000
0.691500000000
0.707000000000
0.726500000000
0.707000000000
0.711000000000
0.734500000000
0.656000000000
0.816000000000
0.629000000000
0.820500000000
0.722500000000
0.703000000000
0.719000000000
0.726500000000
0.718500000000
0.715000000000
0.723000000000
0.734500000000
0.722500000000
0.734500000000
0.722500000000
0.734500000000
0.726500000000
0.722500000000
0.734000000000
0.742000000000
0.734500000000
0.730500000000
0.738000000000
0.742000000000
0.734500000000
0.726500000000
0.719000000000
0.738500000000
0.742000000000
0.718500000000
0.730500000000
0.734500000000
0.726500000000
0.722500000000
0.715000000000
0.723000000000
0.727000000000
0.726500000000
0.715000000000
0.730500000000
0.730500000000
0.715000000000
0.730500000000
0.718500000000
0.711000000000
0.726500000000
0.727000000000
0.738500000000
0.734000000000
0.730500000000
0.746500000000
0.742500000000
0.730500000000
0.734000000000
0.750000000000
0.726500000000
0.719000000000
0.723000000000
0.730500000000
0.734500000000
0.707000000000
0.727000000000
0.722500000000
0.726500000000
0.711000000000
0.726500000000
0.734500000000
0.715000000000
0.719000000000
0.734500000000
0.738500000000
0.664000000000
0.754000000000
0.722500000000
0.718500000000
0.715000000000
0.703000000000
0.711000000000
0.707000000000
0.695000000000
0.699500000000
0.703000000000
0.699000000000
0.703000000000
0.691500000000
0.707000000000
0.699000000000
0.703500000000
0.699500000000
0.707500000000
0.707000000000
0.699500000000
0.707000000000
0.711000000000
0.719000000000
0.703500000000
0.695500000000
0.703000000000
0.715000000000
0.707000000000
0.699000000000
0.707000000000
0.711000000000
0.707000000000
0.715000000000
0.707000000000
0.730500000000
0.593500000000
0.847500000000
0.586000000000
0.843500000000
0.699000000000
0.699500000000
0.687500000000
0.695500000000
0.691500000000
0.727000000000
0.711000000000
0.723000000000
0.723000000000
0.703000000000
0.750000000000
0.746000000000
0.722500000000
0.738000000000
0.758000000000
0.738000000000
0.718500000000
0.734500000000
0.730500000000
0.730500000000
0.718500000000
0.715000000000
0.742000000000
0.722500000000
0.719000000000
0.718500000000
0.738500000000
0.727000000000
0.722500000000
0.734500000000
0.730500000000
0.718500000000
0.734500000000
0.726500000000
0.734500000000
0.714500000000
0.726500000000
0.722500000000
0.707000000000
0.558500000000
0.863500000000
0.562500000000
0.832000000000
0.680000000000
0.683500000000
0.679500000000
0.676000000000
0.672000000000
0.676000000000
0.687500000000
0.676000000000
0.680000000000
0.687500000000
0.699500000000
0.699500000000
0.710500000000
0.718500000000
0.742000000000
0.714500000000
0.730500000000
0.746000000000
0.750000000000
0.715000000000
0.711000000000
0.718500000000
0.738500000000
0.707000000000
0.718500000000
0.710500000000
0.707000000000
0.699000000000
0.683500000000
0.710500000000
0.718500000000
0.711000000000
0.726500000000
0.734500000000
0.726500000000
0.710500000000
0.711000000000
0.718500000000
0.707000000000
0.695000000000
0.687500000000
0.687500000000
0.683500000000
0.672000000000
0.676000000000
0.676000000000
0.695500000000
0.687500000000
0.687500000000
0.695500000000
0.691500000000
0.695000000000
0.683500000000
0.691500000000
0.715000000000
0.691500000000
0.687500000000
0.691500000000
0.703000000000
0.707000000000
0.711000000000
0.734500000000
0.742000000000
0.734500000000
0.734000000000
0.753500000000
0.762000000000
0.758000000000
0.762000000000
0.769500000000
0.754000000000
0.746000000000
0.742500000000
0.777500000000
0.742000000000
0.598000000000
0.554500000000
0.664000000000
0.738000000000
0.730500000000
0.734000000000
0.757500000000
0.757500000000
0.730500000000
0.734500000000
0.746000000000
0.730500000000
0.723000000000
0.730500000000
0.723000000000
0.719000000000
0.722500000000
0.753500000000
0.738500000000
0.723000000000
0.742000000000
0.734500000000
0.586000000000
0.879000000000
0.597500000000
0.875000000000
0.715000000000
0.730500000000
0.723000000000
0.719000000000
0.719000000000
0.746500000000
0.750000000000
0.726500000000
0.734500000000
0.750000000000
0.746000000000
0.742500000000
0.754000000000
0.762000000000
0.738000000000
0.754000000000
0.754000000000
0.738500000000
0.738000000000
0.754000000000
0.738500000000
0.730500000000
0.746000000000
0.757500000000
0.746000000000
0.734500000000
0.742500000000
0.754000000000
0.734500000000
0.742500000000
0.730500000000
0.750000000000
0.730500000000
0.730500000000
0.734500000000
0.742000000000
0.726500000000
0.715000000000
0.726500000000
0.742000000000
0.714500000000
0.726500000000
0.742000000000
0.746000000000
0.734500000000
0.730500000000
0.762000000000
0.746000000000
0.738500000000
0.730500000000
0.738000000000
0.734500000000
0.734500000000
0.754000000000
0.750000000000
0.738000000000
0.738000000000
0.757500000000
0.757500000000
0.750000000000
0.734000000000
0.762000000000
0.746000000000
0.730500000000
0.746500000000
0.754000000000
0.734000000000
0.719000000000
0.734500000000
0.762000000000
0.730500000000
0.723000000000
0.746000000000
0.734500000000
0.727000000000
0.734500000000
0.734500000000
0.738500000000
0.707000000000
0.726500000000
0.750000000000
0.722500000000
0.707000000000
0.730500000000
0.742000000000
0.722500000000
0.711000000000
